david: 1 puntos - 2023-08-10 12:10:30.547626
angie: 1 puntos - 2023-08-10 12:21:53.480307
nicola: 1 puntos - 2023-08-10 12:24:18.724242
nicolas: 1 puntos - 2023-08-10 12:33:20.429105
nic: 1 puntos - 2023-08-10 12:45:32.869229
angie: 1 puntos - 2023-08-10 12:48:10.780860
nicola: 1 puntos - 2023-08-10 13:22:02.973368
nicola: 2 puntos - 2023-08-10 13:22:46.812918
nicola: 3 puntos - 2023-08-10 13:23:40.373044
